A, 2, 4, 1, 7
B, -1, 6, 5, -3
C, 5, -3, 0, 2
D, -4, 7, -2, 9
E, 8, 1, 3, -2
F, 3, 2, 8, 4
G, -5, -6, -3, -1
H, 9, -8, 2, 6
I, -7, -4, -5, 0
J, 0, -1, -4, -8
K, -2, 9, -7, 3
L, 6, 7, 4, 1
M, 3, -2, 5, -6
N, 5, 3, -2, 8
O, -8, -5, 1, 2
P, -3, 5, -6, -4
Q, 7, 9, -8, 5
R, -6, -3, 7, 0
S, -1, -5, 9, -2
T, 1, -7, 2, 6
U, 8, 6, 1, -5
V, 2, -9, -3, 4
W, 4, 8, -1, -3
X, -9, -2, 6, -4
Y, -7, -7, 2, 1
Z, -4, -8, -6, 7
AA, 1, 9, 5, -1
AB, -3, 0, -4, 2
AC, 6, 5, -2, 9
AD, 9, 7, -1, -3
AE, -8, 3, 7, 1
AF, -6, -1, -8, 5
AG, -9, 5, -5, -2
AH, 2, -8, -7, 4
AI, 7, 1, -2, 0
AJ, 0, 2, 3, -1
AK, 5, -2, 8, 2
AL, -2, -4, 1, 6
AM, 4, 1, -5, -3
AN, -1, -6, -3, 8