A, 2, 4, 1, 7, -3
B, -1, 6, 5, -3, 8
C, 5, -3, 0, 2, -4
D, -4, 7, -2, 9, 1
E, 8, 1, 3, -2, 6
F, 3, 2, 8, 4, -5
G, -5, -6, -3, -1, -8
H, 9, -8, 2, 6, 7
I, -7, -4, -5, 0, 3
J, 0, -1, -4, -8, -2
K, -2, 9, -7, 3, -6
L, 6, 7, 4, 1, -9
M, 3, -2, 5, -6, 2
N, 5, 3, -2, 8, -4
O, -8, -5, 1, 2, 6
P, -3, 5, -6, -4, -2
Q, 7, 9, -8, 5, 1
R, -6, -3, 7, 0, 4
S, -1, -5, 9, -2, -7
T, 1, -7, 2, 6, -1
U, 8, 6, 1, -5, 3
V, 2, -9, -3, 4, 7
W, 4, 8, -1, -3, 2
X, -9, -2, 6, -4, -8
Y, -7, -7, 2, 1, -6
Z, -4, -8, -6, 7, 5
AA, 1, 9, 5, -1, 2
AB, -3, 0, -4, 2, -5
AC, 6, 5, -2, 9, 4
AD, 9, 7, -1, -3, 0
AE, -8, 3, 7, 1, -2
AF, -6, -1, -8, 5, 9
AG, -9, 5, -5, -2, 6
AH, 2, -8, -7, 4, -3
AI, 7, 1, -2, 0, -1