A, 2, 4, 1, 7, -3, 5
B, -1, 6, 5, -3, 8, -4
C, 5, -3, 0, 2, -4, 9
D, -4, 7, -2, 9, 1, -7
E, 8, 1, 3, -2, 6, -5
F, 3, 2, 8, 4, -5, 1
G, -5, -6, -3, -1, -8, 7
H, 9, -8, 2, 6, 7, -1
I, -7, -4, -5, 0, 3, 2
J, 0, -1, -4, -8, -2, -3
K, -2, 9, -7, 3, -6, 5
L, 6, 7, 4, 1, -9, -2
M, 3, -2, 5, -6, 2, 8
N, 5, 3, -2, 8, -4, -6
O, -8, -5, 1, 2, 6, -3
P, -3, 5, -6, -4, -2, 9
Q, 7, 9, -8, 5, 1, -7
R, -6, -3, 7, 0, 4, 2
S, -1, -5, 9, -2, -7, -4
T, 1, -7, 2, 6, -1, 3
U, 8, 6, 1, -5, 3, -2
V, 2, -9, -3, 4, 7, -1
W, 4, 8, -1, -3, 2, 6
X, -9, -2, 6, -4, -8, 1
Y, -7, -7, 2, 1, -6, 5
Z, -4, -8, -6, 7, 5, -3
AA, 1, 9, 5, -1, 2, -6
AB, -3, 0, -4, 2, -5, 8
AC, 6, 5, -2, 9, 4, -7
AD, 9, 7, -1, -3, 0, 4