A, 2, 4, 1
B, -1, 6, 5
C, 5, -3, 0
D, -4, 7, -2
E, 8, 1, 3
F, 3, 2, 8
G, -5, -6, -3
H, 9, -8, 2
I, -7, -4, -5
J, 0, -1, -4
K, -2, 9, -7
L, 6, 7, 4
M, 3, -2, 5
N, 5, 3, -2
O, -8, -5, 1
P, -3, 5, -6
Q, 7, 9, -8
R, -6, -3, 7
S, -1, -5, 9
T, 1, -7, 2
U, 8, 6, 1
V, 2, -9, -3
W, 4, 8, -1
X, -9, -2, 6
Y, -7, -7, 2
Z, -4, -8, -6
AA, 1, 9, 5
AB, -3, 0, -4
AC, 6, 5, -2
AD, 9, 7, -1
AE, -8, 3, 7
AF, -6, -1, -8
AG, -9, 5, -5
AH, 2, -8, -7
AI, 7, 1, -2
AJ, 0, 2, 3
AK, 5, -2, 8
AL, -2, -4, 1
AM, 4, 1, -5
AN, -1, -6, -3
AO, -5, 7, 6
AP, -8, -6, 4
AQ, 7, -1, -4
AR, 6, -9, 2
AS, -2, 8, 5
AT, -3, -6, -4
AU, -7, 2, -1
AV, 9, -5, 8
AW, -10, -3, 7
AX, 8, -1, -6